9.79
711.99
11.89
11.63
11.94
11.94
12.74
12.80
12.7.73
11.94
11.89
11.09
11.99
12.10
11.94
12.05
12.21
12.10
12.05
11.99
11.89
11.63
11.94
11.94
12.74
12.80
12.74

11.94
11.89
11.09
11.99
12.10
11.94
12.05
12.21
12.10
12.05
11.99
11.89
11.63
11.94
11.94
12.74
12.80
12.74
11.63
9.03
11.48
11.83
11.33
11.43
11.63
11.68
11.89
11.78
11.78
9.68
9.03
11.09
12.05
12.05
12.10
11.48
11.94
12.05
12.10
12.05
9.58
10.44
11.99
12.21
12.05
11.68
12.21
11.94
12.21
12.21
11.48
7.97
8.27
9.72
9.65
9.24
9.24
8.99
9.06
9.58
9.61
9.41
7.23
8.04
8.67
8.85
8.59
8.64
8.85
8.99
8.99
8.93
9.06
9.37
9.47
9.18
8.79
8.87
8.96
9.41
9.24
9.24
9.18
9.24
9.54
9.34
9.47
8.82
9.06
9.41
9.58
9.31
9.31
9.15
9.37
9.37
9.61
8.76
8.96
9.03
9.47
9.86
8.99
8.67
8.35
8.24
8.73
8.70
8.29
8.48
8.85
8.90
8.43
9.34
9.41
8.87
9.12
9.15
7.72
8.45
8.85
9.15
9.18
9.03
8.96
9.18
9.47
9.65
10.40
7.69
8.40
9.41
9.44
9.18
9.31
9.06
9.31
9.15
9.31
9.41
7.69
9.79
12.68
12.80
11.28
10.82
10.78
10.87
10.44
11.43
11.48
9.24
8.90
9.41
9.44
8.93
8.96
9.18
9.15
9.18
9.06
9.06
9.06
9.15
9.09
8.82
9.06
9.06
9.58
9.31
9.09
9.24
9.37
9.44
9.41
8.73
9.03
9.21
9.65
9.47
9.51
9.58
9.65
9.47
9.51
9.75
8.93
8.67
8.53
8.79
8.48
8.19
8.67
9.34
9.44
11.53
8.56
8.56
8.67
8.96
8.79
9.06
8.96
9.03
9.18
9.03
9.54
7.52
8.82
9.54
9.28
9.41
9.24
9.28
9.31
9.51
9.47
9.51
7.42
8.70
9.61
12.16
12.05
11.68
9.47
9.51
9.44
9.51
10.08
7.72
9.21
8.82
8.56
8.90
9.03
8.19
8.79
8.73
8.67
8.93
7.38
8.99
9.15
8.87
8.90
8.96
10.16
12.10
11.99
11.94
11.89
11.89
11.83
11.89
11.38
11.63
11.94
12.05
11.99
9.31
9.51
9.68
9.34
9.51
8.67
8.90
9.09
9.24
9.41
9.51
9.24
9.44
8.53
9.82
11.94
10.52
10.78
10.65
10.69
11.53
11.33
11.48
11.63
11.48
11.63
8.73
8.70
9.03
12.16
11.83
11.78
11.58
11.99
11.94
11.94
9.79
8.96
11.28
11.94
12.05
11.99
11.83
9.31
9.37
9.21
9.44
7.88
7.44
9.51
9.31
9.72
9.15
9.41
9.54
10.57
12.80
12.80
9.21
7.14
8.79
8.48
8.40
8.67
8.64
8.85
8.90
9.86
12.10
12.44
11.73
11.68
11.83
8.73
8.82
8.96
8.93
9.15
9.24
9.24
9.41
9.61
10.12
11.23
11.63
11.68
12.10
11.99
12.05
9.54
9.47
9.51
9.58
9.47
8.82
9.03
9.21
9.34
9.51
9.37
9.72
8.87
9.24
8.59
6.81
7.95
8.43
9.37
9.47
10.12
8.76
8.73
8.85
8.96
9.06
7.27
8.73
9.09
9.37
9.51
9.37
9.47
9.65
9.37
9.37
8.07
7.20
8.82
9.68
9.41
9.24
9.31
9.34
9.47
9.72
12.33
12.33
9.28
12.10
12.05
11.94
11.89
12.80
12.80
11.58
11.33
11.14
12.33
9.28
11.94
11.23
10.44
10.69
11.48
11.78
11.83
11.94
11.73
11.89
11.94
12.16
12.16
11.83
10.01
9.37
9.47
9.31
9.34
9.24
9.37
9.44
9.37
8.85
9.03
9.15
9.61
12.16
9.61
9.75
9.37
9.47
9.65
9.68
8.82
9.51
10.32
10.28
12.05
12.21
12.16
11.14
10.78
10.44
8.27
8.56
8.70
9.12
9.03
8.93
9.03
9.47
11.43
12.16
9.37
10.32
9.72
9.12
9.15
9.28
9.24
9.37
9.44
9.41
9.51
7.83
8.51
9.68
9.61
9.37
9.09
9.18
9.21
9.61
9.54
9.31
7.97
7.35
9.68
9.97
12.05
12.68
11.58
11.28
11.14
10.78
10.44
7.65
8.79
8.96
8.87
9.18
9.21
9.37
9.21
9.12
9.09
9.06
7.78
9.37
9.34
8.70
9.06
9.09
9.41
12.05
12.21
12.10
12.21
12.16
12.05
12.16
11.43
11.63
11.99
12.16
12.16
11.78
12.05
12.16
11.83
12.33
11.68
12.10
11.09
11.38
11.14
10.61
10.48
11.33
11.23
12.05
12.10
11.19
8.96
9.09
9.31
9.51
9.18
9.28
9.28
9.28
9.61
7.42
8.70
8.96
9.51
9.18
9.34
9.28
9.24
9.28
9.24
9.86
7.59
8.24
9.24
9.34
9.65
9.31
9.34
9.34
9.37
9.31
9.51
7.92
8.59
9.37
8.99
8.56
8.35
9.51
12.05
12.62
11.63
11.83
9.24
8.96
8.96
8.96
8.96
9.03
9.15
9.28
9.15
9.24
9.79
9.21
9.15
9.21
8.73
9.03
9.15
9.47
9.34
9.18
9.15
9.15
9.58
10.12
12.10
11.83
11.63
12.10
12.10
12.16
12.16
12.10
10.40
10.08
9.18
8.73
9.03
8.99
10.78
10.48
11.19
11.28
11.63
11.94
11.63
8.59
8.56
8.62
9.03
10.61
12.16
11.94
11.89
11.83
11.78
11.94
9.03
11.14
12.05
12.10
12.10
9.09
9.41
9.47
11.14
12.10
12.10
9.41
10.65
12.05
12.05
11.99
12.05
12.10
12.68
11.94
12.16
12.56
8.00
8.87
8.51
8.35
10.44
8.73
8.73
8.85
8.90
8.93
9.24
7.59
12.05
11.73
10.24
8.99
9.28
9.61
9.47
9.61
9.41
9.47
9.37
9.18
12.27
11.68
11.94
11.73
12.05
12.16
9.68
9.51
9.37
9.31
9.18
8.67
8.90
8.90
9.58
10.52
12.10
12.68
10.40
9.51
8.99
8.90
8.04
8.14
8.90
9.06
8.87
9.58
9.65
9.03
9.28
9.54
7.20
8.70
8.87
9.54
12.16
11.14
11.83
11.99
12.05
12.27
9.75
8.87
11.33
11.94
11.94
12.21
10.96
11.78
9.44
9.75
9.75
9.72
7.67
8.85
12.10
12.16
12.05
12.10
12.56
12.33
11.53
11.43
11.14
8.45
11.05
11.99
12.16
11.33
11.68
11.73
11.94
11.83
11.89
12.16
11.94
12.05
11.99
11.68
12.10
11.99
12.05
11.99
12.05
11.99
12.44
12.05
12.21
12.50
11.73
12.05
12.21
12.27
12.27
12.10
12.05
12.05
12.27
12.21
11.73
11.99
12.56
12.68
11.68
11.53
11.14
12.16
12.05
10.44
9.34
8.51
8.70
8.93
8.79
8.90
8.93
9.06
9.37
9.21
9.82
8.35
8.82
9.34
9.54
9.44
9.44
9.37
9.21
9.54
9.61
9.51
7.29
8.82
10.20
12.10
12.10
11.58
12.05
12.16
12.10
11.99
9.79
7.42
9.65
9.79
9.93
9.37
9.31
8.70
9.09
8.67
8.35
7.48
7.12
8.93
9.12
8.73
8.79
8.90
9.97
12.16
12.05
11.83
9.58
11.99
11.89
11.99
11.43
11.09
9.68
10.48
12.16
12.16
12.27
12.33
12.10
12.27
11.23
11.94
12.05
12.16
12.27
12.27
11.94
9.61
9.79
12.16
12.05
11.78
11.89
11.48
11.58
11.53
10.78
10.61
11.33
11.38
11.63
9.15
8.56
8.96
9.54
9.18
9.09
9.21
9.21
9.34
9.37
7.54
8.37
8.76
9.54
9.61
12.10
12.16
10.28
9.47
9.37
9.54
7.78
7.25
8.90
9.44
9.68
9.18
8.93
9.34
9.82
9.82
9.65
7.92
7.46
9.79
9.09
8.79
8.45
8.24
8.87
8.93
10.48
12.21
9.75
11.33
11.73
11.89
8.87
9.09
9.06
9.09
9.15
9.06
9.12
7.83
9.34
10.05
11.73
11.28
9.90
9.47
9.28
9.44
9.54
9.61
9.47
9.72
9.90
9.06
9.28
9.37
9.75
9.93
9.47
9.65
10.08
10.08
9.12
8.27
8.40
8.14
9.65
9.86
12.16
11.14
11.53
11.43
11.68
11.83
8.62
8.79
9.21
9.03
9.18
9.34
9.61
9.37
9.44
9.41
7.61
8.29
8.76
9.34
9.31
9.34
9.34
9.44
9.68
12.27
12.10
9.61
10.69
11.99
12.38
12.10
12.21
12.33
11.99
12.33
12.68
10.08
7.81
8.73
12.16
11.14
10.57
12.21
11.28
11.53
12.74
11.58
11.89
9.31
11.94
12.27
12.27
12.05
11.83
11.89
12.16
11.99
12.33
12.10
9.86
12.16
11.99
11.73
11.94
11.99
12.16
12.16
12.10
9.37
9.65
9.31
9.82
9.65
9.09
9.31
9.65
9.51
10.87
12.44
12.21
11.83
11.38
11.53
10.44
10.44
11.14
11.58
11.68
11.78
11.83
11.99
12.10
12.16
8.90
10.12
8.85
9.37
9.24
9.37
9.18
9.28
9.37
9.34
9.44
7.59
8.87
9.15
9.47
9.58
9.37
9.34
9.54
9.58
9.47
9.79
7.59
8.79
9.90
9.54
9.54
9.24
9.72
10.01
9.34
9.21
9.15
6.95
8.40
8.96
9.03
9.44
9.37
9.28
8.90
9.15
8.90
9.31
7.25
9.21
9.37
9.54
9.06
9.18
9.44
12.10
12.05
12.38
12.44
12.16
11.89
12.62
11.78
11.89
12.16
12.33
12.10
12.16
12.10
12.68
12.21
12.10
11.68
11.73
11.68
12.80
12.80
11.73
11.48
11.14
10.87
12.21
12.21
11.63
11.00
11.63
11.78
11.83
11.78
11.68
11.83
11.73
11.68
8.93
10.78
11.63
12.16
12.16
12.05
9.31
9.51
9.54
9.90
12.10
9.12
11.48
12.05
12.21
12.16
12.21
12.10
9.54
9.47
9.72
8.22
7.44
8.93
10.08
10.24
9.72
9.18
9.37
12.21
12.38
10.69
8.90
8.56
9.12
9.21
11.63
11.53
11.94
11.73
11.99
12.16
12.27
12.56
9.54
12.05
12.05
11.33
10.91
9.41
9.82
9.47
9.44
9.37
9.54
10.44
12.10
12.10
11.83
12.16
12.33
12.33
11.99
11.99
9.90
9.75
9.93
10.32
9.12
12.05
11.94
11.63
11.58
11.14
10.87
