5.47
5.4462
4.69
4.02
4.44
4.42
4.33
4.39
5.62
5.84
5.88
5.76
6.01
6.45
4.77
4.88
4.61
4.82
4.76
4.87
4.82
4.88

4.62
4.69
4.02
4.44
4.42
4.33
4.39
5.62
5.84
5.88
5.76
6.01
6.45
4.77
4.88
4.61
4.82
4.76
4.87
4.82
4.88

4.62
4.69
4.02
4.44
4.42
4.33
4.39
5.62
5.84
5.88
5.76
6.01
6.45
4.77
4.88
4.61
4.82
4.76
4.87
4.82
4.88
4.62
4.62
4.25
3.57
4.97
5.07
5.02
5.01
5.05
3.86
4.15
4.10
3.91
4.10
4.08
4.50
4.74
4.71
4.74
4.65
5.00
5.23
4.86
4.97
4.95
4.41
4.92
4.86
4.94
4.94
5.50
5.64
5.66
5.63
5.70
5.56
4.72
4.66
3.98
3.94
4.63
4.64
4.75
3.29
3.27
4.40
5.06
5.24
4.75
5.18
5.11
4.75
4.54
4.51
4.66
4.58
4.54
4.98
5.03
4.23
4.34
4.83
4.58
4.69
4.51
4.64
4.63
5.09
5.38
5.16
4.32
4.65
5.15
5.19
4.89
5.14
5.76
4.75
4.55
4.52
5.15
4.57
4.47
4.39
4.19
4.39
4.41
4.42
4.39
4.61
4.57
3.26
3.50
4.53
4.49
4.53
4.46
4.46
4.32
5.21
5.36
5.04
5.96
5.93
4.70
4.78
4.69
4.72
4.76
4.75
4.65
4.76
4.74
4.85
4.76
4.85
4.83
4.78
4.82
4.76
5.05
5.19
5.15
5.03
3.81
5.08
4.86
4.91
3.73
4.39
4.75
4.74
4.82
4.51
4.69
4.65
4.63
4.70
4.67
4.75
4.60
5.12
5.32
5.10
5.28
5.28
5.23
4.79
4.79
4.81
4.81
4.68
4.64
4.67
4.83
3.62
3.65
4.67
4.77
4.07
4.46
4.50
4.65
4.70
4.73
4.71
4.73
4.70
4.71
4.83
4.81
4.76
4.84
4.60
4.79
4.76
4.48
4.80
4.64
4.74
4.75
4.78
4.79
4.73
4.75
4.90
3.68
3.68
3.71
4.70
4.70
4.50
4.51
4.65
4.78
4.81
4.89
4.81
4.85
4.75
4.73
4.81
4.81
4.72
4.68
4.64
4.75
4.79
4.77
4.60
4.72
4.77
4.39
4.75
4.82
4.27
4.59
4.84
3.67
3.71
4.21
4.96
4.66
4.67
4.79
4.83
4.68
4.76
4.45
4.69
4.54
4.62
4.74
4.77
4.76
4.81
4.70
4.76
4.54
4.88
4.88
4.81
4.63
4.75
4.73
4.81
4.70
4.74
4.60
4.78
3.69
3.69
4.34
4.70
4.76
4.54
4.65
4.53
4.50
4.87
4.85
4.25
4.78
4.76
4.92
4.88
4.83
4.85
4.81
4.61
4.76
4.75
4.72
4.72
4.57
4.80
4.80
4.86
4.83
4.75
4.90
4.92
3.76
4.40
4.74
5.19
5.29
5.07
5.12
5.13
4.74
4.83
4.83
4.81
4.61
4.78
4.80
4.86
4.84
4.77
4.71
4.73
4.81
4.81
4.79
4.76
4.70
4.79
4.82
4.71
3.68
4.68
4.85
4.89
4.47
4.54
4.76
4.80
4.84
4.73
4.71
4.70
4.65
4.86
4.75
4.64
4.72
4.70
4.70
4.73
4.78
4.70
4.65
4.47
4.85
4.89
4.89
4.85
4.71
4.79
3.57
3.66
3.69
4.76
4.79
4.81
4.45
4.52
4.69
4.81
4.87
4.65
4.69
4.43
4.94
5.08
5.06
5.04
4.94
4.74
4.79
4.81
4.84
4.80
4.75
4.73
4.74
4.62
4.67
4.70
4.64
4.76
3.65
3.69
4.24
4.67
4.81
4.72
4.46
4.49
4.65
4.70
4.69
4.62
4.59
4.57
4.39
4.74
4.75
4.72
4.79
4.72
4.75
4.67
4.74
4.78
4.74
4.81
4.76
4.63
4.75
4.74
4.52
4.72
3.69
3.71
4.33
4.88
5.04
4.75
4.76
4.79
4.65
4.71
4.71
4.55
4.70
4.68
4.65
4.80
4.80
4.87
4.72
4.72
4.79
4.41
4.80
4.77
4.55
4.84
4.82
4.77
4.83
4.76
4.67
4.80
4.27
4.37
4.39
4.66
4.74
4.68
4.69
4.65
4.75
4.73
4.73
4.76
4.63
4.77
4.75
4.65
4.75
4.73
4.75
4.74
4.79
4.78
4.81
4.85
4.69
4.75
4.79
4.70
4.74
4.68
4.84
5.04
4.50
4.63
4.61
4.67
4.65
4.59
4.42
4.65
4.66
4.79
4.75
4.71
4.81
4.71
4.67
4.68
4.39
4.68
4.62
4.65
5.13
5.08
5.10
5.20
4.82
4.93
3.68
3.72
3.76
4.81
4.72
4.70
4.48
4.57
4.75
4.67
4.40
4.65
4.67
4.67
5.06
5.08
4.99
5.05
5.03
5.08
4.78
4.83
4.83
4.55
4.75
4.60
4.69
4.74
4.75
4.48
4.68
4.72
3.75
3.83
4.43
4.89
4.74
4.99
4.84
4.91
4.91
4.77
4.75
4.75
4.68
4.74
4.63
4.77
4.72
4.58
4.66
4.70
4.75
4.75
4.75
4.71
4.60
4.76
4.86
5.00
4.92
3.68
4.30
4.68
3.68
4.27
4.38
4.57
4.73
4.72
4.61
4.63
4.64
4.69
4.72
4.73
4.61
4.69
4.67
4.79
4.75
4.81
4.65
4.61
4.64
4.75
4.75
4.75
4.66
4.79
4.77
4.80
4.79
3.62
4.69
4.88
3.72
4.30
4.26
4.63
4.67
4.82
4.65
4.69
4.75
4.86
4.84
4.81
4.65
4.77
5.22
4.83
5.38
5.37
5.28
4.67
4.70
4.81
4.82
4.77
4.70
4.61
4.79
3.60
3.64
4.65
4.87
5.11
4.76
4.81
4.87
4.63
4.71
4.63
4.67
4.63
4.57
5.10
5.16
5.12
5.03
4.82
4.54
4.69
4.67
4.74
4.73
4.61
4.71
4.74
4.76
4.49
5.29
5.52
5.08
4.83
4.94
5.30
4.65
4.73
4.60
4.57
4.54
4.61
4.70
4.61
4.65
4.47
4.55
4.70
4.37
4.70
4.66
4.67
4.73
4.70
4.77
4.79
4.71
4.97
4.66
5.13
3.83
3.88
5.07
4.70
4.75
4.30
4.46
4.67
4.36
4.74
4.64
4.39
4.49
4.58
4.66
4.68
4.65
4.64
4.38
4.83
4.83
4.88
4.83
4.71
4.56
4.70
4.66
4.80
4.77
4.79
4.89
4.85
3.61
3.65
4.71
4.80
4.37
4.34
4.42
4.62
4.80
4.80
4.68
4.73
4.61
4.65
4.85
4.70
4.74
4.70
4.86
4.95
4.97
4.92
4.74
4.89
4.71
4.61
4.69
4.65
4.70
4.68
4.74
3.63
3.70
3.74
4.79
4.30
4.46
4.50
4.17
4.85
4.96
4.97
4.89
4.88
4.86
4.74
4.74
4.61
4.59
4.71
4.69
4.79
4.75
4.73
4.79
4.74
4.81
4.80
4.83
4.69
4.74
4.89
5.01
3.80
3.84
4.40
4.62
4.78
4.42
4.54
4.57
4.62
4.70
4.67
4.67
4.65
4.61
4.74
4.71
4.73
4.82
4.72
4.93
5.05
4.82
4.93
5.08
4.61
4.70
4.65
4.63
4.69
4.63
4.63
4.62
3.73
4.32
4.37
4.62
4.69
4.46
4.55
4.68
4.80
4.81
4.89
4.86
4.77
4.84
4.72
4.60
4.69
4.73
4.65
4.69
4.73
4.70
4.72
4.74
5.01
4.74
5.07
3.80
3.87
5.02
4.70
4.70
4.39
4.50
4.70
4.59
4.76
4.64
4.69
4.71
4.61
4.60
4.70
4.59
4.64
4.67
4.66
4.69
4.25
4.70
4.61
5.02
5.13
5.14
5.12
5.10
4.63
4.73
3.63
3.64
3.71
4.70
4.74
4.76
4.53
4.59
4.74
4.81
4.75
4.81
4.81
4.65
4.61
4.75
4.67
4.75
4.76
4.75
4.65
4.82
4.83
4.75
4.65
4.65
4.75
4.74
4.76
4.77
4.66
4.74
3.66
3.69
4.03
4.82
4.81
4.88
4.69
4.69
4.88
4.65
4.67
4.72
4.72
4.67
4.42
4.75
4.79
4.75
4.69
4.58
4.76
4.70
4.74
4.61
4.50
4.79
4.87
4.74
4.76
4.65
4.65
4.75
3.65
3.68
4.23
4.96
4.97
5.11
4.93
4.94
5.06
4.79
4.62
4.77
4.77
4.73
4.76
4.86
4.82
4.83
4.67
4.65
4.80
4.69
4.79
4.76
4.69
4.74
4.67
4.77
4.59
4.66
4.65
4.51
3.70
4.31
4.28
4.61
4.66
4.55
4.57
4.58
4.61
4.81
4.86
4.76
4.74
4.64
4.59
4.73
4.75
4.75
4.76
4.42
4.70
4.74
4.80
4.75
4.70
4.77
4.90
4.85
3.66
4.82
4.76
4.89
4.35
4.50
4.61
4.79
4.85
4.71
4.69
4.61
4.59
4.75
4.77
4.72
4.74
4.33
4.76
4.77
4.59
4.81
4.81
4.62
4.78
4.70
4.73
4.75
4.61
4.74
4.78
4.75
3.62
4.69
4.66
4.78
4.34
4.21
4.31
4.56
4.37
4.52
4.61
4.54
4.53
4.64
4.61
4.60
4.60
4.56
4.47
4.61
4.65
4.61
4.55
4.57
4.72
4.69
4.68
4.67
4.57
4.67
4.61
4.30
3.62
4.50
4.54
4.82
4.36
4.45
4.48
4.52
4.61
4.52
4.57
4.57
4.63
4.65
4.62
4.59
4.61
4.57
4.70
4.66
4.66
4.62
4.65
4.61
4.66
4.61
4.75
4.63
4.52
4.68
4.66
4.72
3.65
4.85
4.97
4.73
4.63
4.66
4.87
4.58
4.72
4.52
4.54
4.61
5.06
5.07
5.13
5.23