3.02
3.33
3.56
3.44
3.26
3.15
3.16
3.34
3.37
3.56
3.44
3.24
3.13
3.23
3.33
3.48
3.46
3.34
3.15
3.23
3.17
3.13
3.25
3.33
3.56
3.44
3.26
3.15
3.16
3.34
3.37
3.56
3.44
3.24
3.13
3.23
3.33
3.48
3.46
3.34
3.15
3.22
3.17
3.13
3.25
3.33
3.56
3.44
3.26
3.15
3.16
3.34
3.37
3.56
3.44
3.24
3.13
3.23
3.33
3.48
3.46
3.34
3.15
3.43
3.22
3.38
3.53
3.64
3.72
3.57
3.37
3.31
3.46
3.55
3.81
3.60
3.34
3.31
3.37
3.52
3.58
3.69
3.55
3.35
3.20
3.34
3.42
3.60
3.54
3.38
3.18
3.23
3.38
3.50
3.57
3.40
3.22
3.17
3.36
3.37
3.68
3.60
3.35
3.22
3.19
3.36
3.44
3.66
3.53
3.31
3.24
3.30
3.41
3.54
3.66
3.44
3.25
3.24
3.37
3.43
3.71
3.54
3.32
3.21
3.25
3.42
3.56
3.56
3.41
3.21
3.21
3.34
3.45
3.70
3.55
3.30
3.22
3.33
3.34
3.44
3.71
3.44
3.27
3.22
3.38
3.44
3.67
3.64
3.30
3.17
3.29
3.38
3.47
3.65
3.49
3.26
3.19
3.29
3.42
3.61
3.64
3.39
3.25
3.24
3.34
3.40
3.66
3.52
3.30
3.22
3.31
3.40
3.60
3.62
3.37
3.22
3.14
3.34
3.41
3.62
3.48
3.25
3.15
3.27
3.40
3.57
3.51
3.41
3.29
3.21
3.34
3.44
3.65
3.58
3.36
3.23
3.25
3.38
3.42
3.67
3.47
3.28
3.22
3.25
3.39
3.57
3.55
3.34
3.23
3.20
3.41
3.49
3.64
3.50
3.29
3.22
3.29
3.36
3.59
3.55
3.35
3.22
3.24
3.39
3.43
3.60
3.39
3.21
3.14
3.25
3.37
3.49
3.60
3.39
3.22
3.15
3.33
3.34
3.55
3.53
3.33
3.21
3.16
3.37
3.45
3.52
3.41
3.23
3.15
3.32
3.39
3.61
3.48
3.27
3.17
3.24
3.38
3.46
3.59
3.38
3.21
3.15
3.31
3.38
3.60
3.44
3.30
3.21
3.23
3.34
3.45
3.66
3.49
3.28
3.20
3.26
3.38
3.53
3.59
3.31
3.15
3.15
3.32
3.37
3.63
3.46
3.26
3.15
3.32
3.38
3.51
3.45
3.33
3.21
3.14
3.23
3.29
3.61
3.45
3.25
3.16
3.23
3.38
3.54
3.59
3.40
3.23
3.19
3.34
3.40
3.54
3.41
3.26
3.17
3.12
3.33
3.39
3.62
3.44
3.23
3.16
3.25
3.33
3.52
3.64
3.38
3.21
3.04
3.35
3.40
3.62
3.47
3.18
3.16
3.26
3.40
3.56
3.36
3.34
3.19
3.19
3.36
3.41
3.64
3.45
3.26
3.12
3.28
3.37
3.52
3.63
3.35
3.20
3.16
3.34
3.44
3.61
3.54
3.32
3.19
3.22
3.41
3.46
3.57
3.35
3.21
3.16
3.33
3.38
3.61
3.51
3.31
3.20
3.17
3.32
3.41
3.62
3.43
3.21
3.15
3.26
3.38
3.58
3.56
3.32
3.18
3.17
3.39
3.38
3.50
3.41
3.23
3.19
3.30
3.39
3.58
3.56
3.33
3.24
3.17
3.32
3.37
3.61
3.54
3.31
3.19
3.15
3.34
3.47
3.58
3.38
3.22
3.16
3.28
3.41
3.63
3.42
3.30
3.20
3.23
3.33
3.41
3.60
3.40
3.22
3.13
3.30
3.36
3.64
3.41
3.23
3.11
3.18
3.34
3.44
3.65
3.41
3.23
3.15
3.32
3.38
3.47
3.61
3.37
3.23
3.18
3.34
3.40
3.64
3.47
3.29
3.20
3.15
3.34
3.52
3.43
3.39
3.20
3.17
3.32
3.39
3.64
3.41
3.19
3.16
3.18
3.37
3.44
3.59
3.38
3.21
3.16
3.32
3.39
3.62
3.44
3.30
3.12
3.25
3.37
3.49
3.65
3.49
3.27
3.20
3.32
3.40
3.57
3.60
3.28
3.20
3.17
3.36
3.37
3.63
3.47
3.26
3.19
3.20
3.41
3.57
3.55
3.35
3.22
3.23
3.34
3.40
3.62
3.43
3.17
3.13
3.25
3.34
3.49
3.51
3.36
3.18
3.20
3.36
3.40
3.62
3.48
3.27
3.26
3.26
3.46
3.53
3.59
3.54
3.36
3.18
3.25
3.40
3.59
3.52
3.35
3.20
3.09
3.37
3.43
3.64
3.46
3.25
3.17
3.28
3.30
3.54
3.61
3.32
3.22
3.12
3.27
3.30
3.62
3.46
3.22
3.14
3.19
3.37
3.57
3.50
3.34
3.18
3.08
3.35
3.41
3.61
3.53
3.27
3.18
3.23
3.37
3.47
3.61
3.40
3.25
3.16
3.28
3.34
3.60
3.54
3.31
3.20
3.18
3.37
3.47
3.59
3.38
3.23
3.17
3.32
3.41
3.63
3.51
3.30
3.19
3.19
3.38
3.44
3.58
3.39
3.23
3.17
3.28
3.34
3.58
3.55
3.33
3.23
3.18
3.34
3.41
3.64
3.46
3.27
3.17
3.26
3.39
3.48
3.60
3.38
3.21
3.16
3.30
3.36
3.59
3.54
3.28
3.18
3.23
3.36
3.49
3.61
3.40
3.22
3.16
3.32
3.38
3.64
3.47
3.28
3.14
3.06
3.34
3.45
3.64
3.28
3.10
3.00
3.15
3.20
3.43
3.35
3.35
3.09
3.14
3.23
3.29
3.53
3.39
3.18
3.11
3.17
3.27
3.43
3.47
3.25
3.11
3.04
3.29
3.30
3.49
3.37
3.17
3.09
3.06
3.32
3.46
3.45
3.27
3.12
3.05
3.23
3.29
3.50
3.38
3.18
3.09
3.18
3.29
3.43
3.44
3.36
3.16
3.07
3.22
3.37
3.44
3.45
3.23
3.12
3.11
3.35
3.37
3.52
3.35
3.18
3.17
3.27
3.39
3.49
3.48
3.24
3.11
3.01
3.26
3.32
3.51
3.34
3.14
3.07
3.21
3.31
3.50
3.50
3.25
3.11
3.09
3.23
3.28
3.50
3.34
3.15
3.07
3.16
3.27
3.35
3.49
3.32
3.20
3.15
3.23
3.30
3.55
3.48
3.19
3.04
3.15
3.25
3.31
3.51
3.30
3.13
3.08
3.22
3.29
3.52
3.46
3.23
3.12
3.14
3.27
3.32
3.52
3.34
3.15
3.10
3.20
3.29
3.49
3.42
3.17
3.09
3.11
3.27
3.30
3.50
3.42
3.22
3.12
3.07
3.30
3.40
3.36
3.28
3.14
3.09
3.22
3.24
3.49
3.44
3.14
3.04
3.11
3.27
3.38
3.44
3.28
3.12
3.06
3.22
3.29
3.53
3.35
3.18
3.10
3.06
3.26
3.37
3.48
3.29
3.13
3.07
3.23
3.29
3.51
3.40
3.22
3.14
3.10
3.27
3.32
3.50
3.37
3.16
3.08
3.13
3.30
3.44
3.42
3.22
3.13
3.09
3.25
3.29
3.50
3.36
3.17
3.09
3.15
3.27
3.40
3.49
3.31
3.13
3.09
3.26
3.31
3.51
3.39
3.18
3.09
3.19
3.32
3.44
3.44
3.28
3.12
3.07
3.26
3.31
3.48
3.41
3.23
3.12
3.11
3.24
3.30
3.49
3.35
3.18
3.11
3.22
3.30
3.51
3.38
3.17
3.04
3.09
3.25
3.31
3.47
3.33
3.15
3.09
3.22
3.30
3.45
3.40
3.23
3.12
3.05
3.26
3.25
3.48
3.33
3.10
3.03
3.15
3.26
3.44
3.40
3.31
3.11
3.06
3.19
3.27
3.48
3.32
3.16
3.10
3.16
3.25
3.33
3.41
3.29
3.12
3.08
3.20
3.28
3.49
3.44
3.20
3.07
3.04
3.26
3.34
3.52
3.31
3.13
3.07
3.21
3.30
3.48
3.40
3.20
3.11
3.20
3.32
3.37
3.51
3.31
3.15
3.03
3.14
3.24
3.34
3.43
3.30
3.11
3.09
3.25
3.31
3.51
3.48
3.13
3.07
3.20
3.30
3.36
3.45
3.29
3.13
3.07
3.28
3.30
3.51
3.43
3.20
3.10
3.09
3.24
3.37
3.43
3.30
3.11
3.08
3.23
3.31
3.53
3.47
3.22
3.12
3.14
3.30
3.30
3.40
3.32
3.17
3.07
3.16
3.32
3.40
3.44
3.26
3.11
3.08
3.21
3.26
3.49
3.37
3.18
3.10
3.18
3.30
3.46
3.48
3.27
3.14
3.11
3.25
3.30
3.40
3.38
3.17
3.11
3.11
3.32
3.43
3.51
3.27
3.12
3.07
3.17
3.23
3.49
3.37
3.12
3.08
3.11
3.94
3.50
3.67
3.39
3.18
3.16
3.27
3.40
3.57
3.54
3.35
3.22
3.14
3.37
3.30
3.55
3.45
3.24
3.15
3.18
3.35
3.53
3.64
3.37
3.20
3.19
3.35
3.43
3.69
3.46
3.25
3.18
3.22
3.41
3.57
3.57
3.37
3.23
3.18
3.34
3.42
3.62
3.48
3.34
3.20
3.22
3.38
3.46
3.62
3.46
3.21
3.15
3.28
3.40
3.64
3.51
3.24
3.20
3.20
3.38
3.44
3.64
3.44
3.24
3.20
3.30
3.40
3.53
3.56
3.35
3.20
3.23
3.32
3.44
3.62
3.45
3.23
3.18
3.38
3.40
3.63
3.64
3.34
3.22
3.17
3.33
3.39
3.63
3.54
3.32
3.23
3.27
3.40
3.48
3.52
3.42
3.18
3.10
3.33
3.40
3.65
3.54
3.31
3.21
3.27
3.40
3.44
3.55
3.33
3.17
3.13
3.28
3.33
3.55
3.45
3.24
3.15
3.23
3.26
3.34
3.54
3.38
3.19
3.14
3.25
3.35
3.50
3.54
3.24
3.12
3.11
3.30
3.37
3.55
3.38
3.20
3.11
3.21
3.33
3.48
3.54
3.33
3.16
3.11
3.28
3.32
3.55
3.43
3.24
3.13
3.29
3.34
3.48
3.55
3.29
3.14
3.09
3.28
3.34
3.54
3.39
3.22
3.12
3.19
3.32
3.45
3.57
3.41
3.22
3.13
3.22
3.34
3.51
3.53
3.32
3.20
3.14
3.31
3.36
3.57
3.37
3.16
3.08
3.20
3.32
3.48
3.49
3.30
3.15
3.17
3.32
3.37
3.59
3.41
3.22
3.13
3.20
3.30
3.47
3.51
3.29
3.16
3.07
3.29
3.35
3.59
3.43
3.16
3.10
3.19
3.33
3.41
3.56
3.38
3.20
3.14
3.28
3.36
3.57
3.53
3.29
3.20
3.12
3.24
3.31
3.57
3.40
3.13
3.10
3.25
3.34
3.54
3.50
3.30
3.16
3.14
3.34
3.40
3.48
3.48
3.21
3.15
3.32
3.47
3.67
3.57
3.38
3.24
3.25
3.42
3.46
3.64
3.56
3.37
3.14
