9.28
9.21

.31
9.34
9.21
9.34
9.24
9.28
9.28
9.28
9.37
9.34

9.34
9.41
8.62
9.06
9.12
9.18
9.12
9.18
9.28
9.31
9.21
9.31
9.34
9.21
9.34
9.24
9.28
9.28
9.28
9.37
9.34
9.3434
9.41
8.62
9.06
9.12
9.18
9.12
9.18
9.28
9.31
9.21
9.31
9.34
9.21
9.34
9.24
9.28
9.28
9.28
9.37
9.34
9.34
9.34
9.31
9.31
9.41
9.09
9.31
9.37
9.34
9.34
9.31
9.31
9.24
9.28
9.31
9.44
9.51
9.58
9.65
9.06
8.96
8.79
8.64
8.73
8.82
9.09
9.24
9.06
8.59
8.62
5.00
5.05
5.08
7.67
7.63
6.97
7.63
7.69
7.63
8.79
8.79
8.53
8.87
8.82
8.90
8.93
8.82
8.96
8.90
9.21
9.12
9.21
9.24
9.24
9.24
9.34
9.28
9.28
9.51
9.44
9.58
8.87
8.90
8.79
8.62
9.21
9.24
9.24
9.12
9.24
9.18
8.82
9.06
5.09
5.21
9.21
9.21
9.28
8.00
9.12
9.31
9.37
8.87
9.34
9.31
8.93
9.21
9.31
9.31
9.15
9.21
9.28
9.24
9.09
9.15
9.34
9.28
9.24
9.28
9.24
9.51
9.61
9.18
9.09
8.56
9.18
9.24
9.21
8.93
9.09
9.12
9.09
9.24
9.09
9.24
9.24
5.06
5.11
9.06
9.24
9.34
5.81
8.62
9.31
9.28
9.44
8.76
9.41
9.31
9.15
9.31
9.24
9.28
9.21
9.28
9.34
9.28
9.24
9.18
9.21
9.24
9.24
9.58
9.06
8.85
9.18
9.21
9.24
8.56
8.85
8.99
8.62
8.99
8.99
8.90
8.96
9.06
9.06
9.12
9.12
5.01
7.67
7.69
4.74
4.78
6.67
7.72
5.74
5.78
5.79
5.46
5.54
7.97
8.04
8.02
8.04
8.07
8.00
8.90
8.96
8.96
8.67
8.76
9.24
9.34
9.18
9.21
9.12
8.79
8.67
8.56
9.12
8.90
8.96
9.21
9.18
9.21
9.18
9.15
9.24
9.24
9.44
9.58
8.90
9.15
9.24
5.26
5.30
5.32
9.21
9.24
9.15
9.31
8.99
9.09
9.21
9.24
9.31
9.06
9.31
9.12
9.24
9.31
9.21
9.51
9.21
9.31
9.31
9.03
8.96
8.79
8.62
8.56
8.93
9.09
9.15
9.06
9.18
9.15
9.18
9.31
9.24
9.28
9.24
9.37
9.34
9.18
9.24
9.12
5.21
5.25
9.21
9.28
9.34
9.24
9.37
9.51
9.28
9.34
8.93
9.31
9.34
9.24
9.28
9.28
9.31
9.21
9.24
9.61
9.06
8.56
8.79
8.64
8.56
9.03
9.06
9.09
9.15
9.15
9.24
9.09
9.15
9.24
9.24
8.73
8.67
8.79
8.76
8.76
8.85
8.96
4.89
5.07
5.11
8.93
6.53
6.51
6.13
6.48
6.53
6.54
5.50
5.39
5.55
5.54
5.46
8.48
8.45
8.53
8.64
8.64
8.32
8.27
7.95
7.97
7.95
8.73
8.85
8.82
9.03
9.06
9.06
9.18
9.24
9.28
9.31
9.24
9.28
9.28
9.24
9.24
9.24
9.18
9.24
5.10
5.12
5.16
9.12
9.15
9.28
7.95
9.12
9.21
9.21
9.18
9.37
9.37
9.31
9.15
9.18
9.51
9.41
9.58
9.06
8.99
8.79
8.59
8.64
8.70
9.24
9.28
9.15
9.15
9.15
9.15
9.28
9.28
9.24
9.09
8.82
9.06
9.28
9.28
9.24
9.28
9.21
9.21
9.24
5.10
5.05
8.85
9.18
5.29
6.06
7.92
9.31
9.31
9.21
8.96
9.37
9.18
8.99
9.24
9.44
9.15
8.99
8.79
8.56
8.56
9.31
9.24
8.90
9.09
9.18
9.24
9.21
9.15
9.12
9.18
9.12
9.03
9.18
9.06
9.28
9.21
9.18
9.24
8.62
8.64
8.82
8.82
8.87
8.70
8.73
8.79
5.10
5.16
6.92
6.45
6.51
6.54
6.49
6.40
6.51
5.58
5.37
5.30
5.38
5.29
7.90
8.07
7.72
7.88
7.88
8.51
8.48
8.53
8.45
8.45
9.03
9.09
9.12
9.21
9.12
9.09
9.21
9.18
8.85
9.24
9.21
9.28
9.24
9.24
9.37
9.34
9.28
9.28
9.24
5.20
5.29
9.28
9.21
9.24
9.34
9.37
9.51
9.51
9.12
8.64
8.99
9.03
8.56
8.51
8.99
9.03
9.15
9.18
9.21
9.18
9.15
8.90
9.28
9.31
9.24
9.28
9.24
9.28
9.28
9.21
9.37
9.12
9.31
9.21
9.24
9.21
9.21
9.24
9.31
9.15
9.31
5.10
5.20
5.25
9.24
9.24
9.06
9.54
9.65
8.99
9.28
9.31
8.79
8.73
8.51
8.99
9.06
9.06
9.21
9.09
9.18
9.28
9.18
9.24
9.28
9.12
9.18
9.21
9.24
9.41
9.28
9.18
9.24
9.28
9.24
9.18
9.24
9.15
9.21
9.21
9.24
9.28
8.79
8.82
4.95
4.94
5.05
8.37
8.76
6.72
7.67
8.73
8.43
6.18
6.11
6.15
6.15
6.35
5.25
5.36
5.39
5.41
5.38
8.12
8.12
8.07
8.12
8.14
8.32
8.22
8.45
8.29
8.51
8.48
9.09
9.15
9.12
9.18
9.15
9.37
8.96
9.24
9.24
9.34
9.28
9.28
9.31
5.13
5.08
9.24
9.37
8.90
5.30
6.79
8.43
8.79
8.62
8.29
9.09
8.90
9.12
9.31
9.18
9.31
9.18
9.28
9.21
9.21
9.24
9.28
9.24
9.28
9.31
9.28
9.18
9.31
9.21
9.15
9.34
9.31
9.28
9.24
9.24
9.24
9.18
9.28
9.24
9.21
9.24
9.37
9.37
5.10
9.24
9.61
9.58
5.24
5.56
8.56
8.62
8.90
9.12
8.96
9.12
9.12
9.34
9.41
8.85
9.12
9.18
9.24
9.28
9.28
9.28
9.18
9.28
9.21
9.21
8.93
9.15
9.21
9.28
9.28
9.31
9.12
9.24
9.28
9.18
9.37
9.03
9.09
9.03
9.15
9.21
9.24
9.51
8.82
8.53
4.96
5.01
5.00
8.09
8.62
8.70
8.90
8.87
8.90
6.76
6.81
6.81
6.79
6.59
7.72
7.76
7.74
7.78
7.78
9.06
9.09
9.15
9.06
9.21
9.12
8.90
8.85
8.87
8.87
8.87
9.18
9.28
9.21
9.34
9.24
9.28
9.31
9.21
9.37
9.65
9.58
9.37
8.96
5.09
5.16
5.21
9.24
9.28
8.48
9.12
9.21
9.12
9.24
9.21
8.93
9.12
9.21
9.24
9.09
9.21
9.24
9.12
9.18
9.24
9.28
9.28
9.31
9.28
9.03
9.21
9.24
9.34
9.31
9.28
9.28
9.34
9.28
9.28
9.18
9.03
9.12
9.24
9.65
9.12
8.96
8.79
5.07
5.13
9.24
9.06
8.85
7.42
8.76
9.21
9.12
9.21
9.21
9.28
8.93
9.18
9.31
8.90
9.28
9.28
9.21
9.28
9.28
9.21
9.31
9.21
9.18
9.47
9.12
9.21
9.21
9.24
9.21
9.24
9.24
9.31
9.31
9.12
9.24
9.24
8.76
8.85
8.59
8.62
8.76
5.14
4.84
8.48
8.73
8.93
5.19
6.99
8.82
6.54
6.59
6.61
6.48
6.45
5.92
5.92
6.00
5.94
5.90
5.93
8.40
8.45
8.48
8.43
8.43
8.51
8.56
8.53
8.56
8.09
9.03
9.06
9.21
9.12
9.03
9.06
9.24
9.44
9.12
9.21
8.90
8.90
8.79
8.73
8.90
9.15
9.09
9.15
5.18
5.28
5.26
9.09
9.21
9.24
9.28
8.76
9.24
9.28
9.18
9.34
9.24
8.82
9.06
9.24
9.18
9.28
9.21
9.28
9.21
9.24
9.28
9.24
9.12
8.90
9.34
9.34
9.28
9.51
9.24
9.24
9.28
8.82
8.99
8.56
8.62
8.43
8.96
9.15
9.18
9.09
9.21
5.18
5.25
5.29
8.99
9.12
9.21
9.24
9.28
9.21
9.28
9.28
9.31
9.37
9.37
9.18
9.28
9.28
9.28
9.31
9.31
9.31
9.24
9.28
9.21
9.24
9.24
9.28
9.24
9.21
9.24
9.58
9.03
8.99
8.79
8.62
8.19
8.62
8.29
8.70
8.76
8.85
8.40
8.32
4.88
4.95
8.43
8.12
8.14
7.02
8.09
8.22
6.86
6.83
6.90
6.69
6.88
6.84
8.19
8.02
7.97
8.12
8.19
8.82
8.79
8.76
8.73
8.79
8.76
8.76
8.62
8.53
8.93
9.06
8.99
8.93
8.79
8.62
8.12
8.96
9.12
9.09
8.82
9.37
9.15
9.24
5.11
5.04
5.17
9.15
9.21
9.18
7.78
9.28
9.24
9.28
9.18
9.31
9.37
9.21
9.15
9.28
9.37
9.12
9.18
9.18
9.21
9.24
9.28
9.24
9.21
9.24
9.12
9.51
9.51
9.12
8.96
8.79
8.67
8.62
9.03
9.24
9.21
9.31
9.15
8.99
9.24
9.15
9.24
9.44
5.04
5.10
9.12
9.24
5.28
5.29
7.97
8.85
9.12
9.24
9.09
9.37
9.28
9.28
9.28
9.18
9.37
9.12
8.82
9.21
9.21
9.28
9.28
9.24
9.24
9.51
9.12
8.87
8.56
8.35
8.51
9.28
9.24
9.37
8.93
9.03
9.06
9.09
9.06
8.87
8.35
8.56
8.87
8.64
8.76
8.45
8.53
5.02
5.05
6.21
7.08
6.95
7.20
7.25
7.22
7.20
5.41
5.49
5.48
5.39
5.44
7.83
7.81
7.74
7.78
7.83
7.92
8.64
8.27
8.12
8.04
8.32
8.90
8.93
8.67
8.76
8.85
9.03
9.18
9.15
9.24
9.24
9.18
9.24
9.24
9.37
9.34
9.21
9.31
9.24
5.22
5.27
9.28
9.28
9.31
9.31
9.34
8.87
9.24
9.31
9.21
9.31
9.28
9.24
9.28
9.28
9.41
9.24
9.51
9.51
8.96
9.28
9.28
9.06
8.62
9.06
9.03
8.73
9.09
9.12
9.21
9.21
9.24
9.12
9.21
9.12
9.12
9.12
8.90
9.24
9.28
9.28
5.10
5.20
5.24
9.24
9.24
9.28
9.12
8.82
9.21
9.21
9.21
9.15
8.96
9.37
9.06
9.28
9.51
9.72
9.09
9.24
9.28
9.15
8.79
8.67
8.53
9.03
9.06
9.03
9.37
9.24
9.24
9.28
9.28
9.24
9.21
9.21
9.24
9.06
9.28
9.12
9.18
8.76
8.79
4.88
5.00
5.06
8.53
8.53
7.33
7.85
8.56
8.56
7.01
6.99
7.06
7.02
6.97
5.32
5.35
5.30
5.27
5.36
5.13
7.04
6.99
6.97
6.88
7.20
8.40
8.48
8.48
8.53
8.51
8.70
8.85
8.85
8.87
8.87
9.31
9.21
9.28
9.15
9.28
9.24
8.90
9.18
5.04
5.07
9.21
9.21
9.28
5.75
8.04
9.28
9.28
9.03
9.09
9.34
9.28
9.12
9.24
9.21
9.65
9.15
8.99
8.96
8.35
8.45
8.93
8.93
9.09
9.12
9.18
9.24
9.28
9.18
9.37
8.85
9.24
9.28
9.21
9.18
9.24
9.28
9.28
9.34
9.28
9.44
9.44
9.44
5.06
9.28
9.31
9.24
5.27
6.54
8.02
9.18
9.37
9.37
8.70
9.31
9.24
9.51
9.51
8.85
8.90
8.79
8.62
8.99
9.06
9.09
8.99
9.18
9.28
9.18
9.21
9.18
9.09
9.41
9.31
9.28
9.21
9.24
9.28

