3.94
10.57
9.32
13.45
13.45
12.99
13.12
13.12
13.05
13.18
13.12
12.62
12.63
13.31
14.01
13.94
13.87
8.02
13.94
13.12
13.25
13.45
13.45
12.99
13.12
13.12
13.05
13.18
13.12
12.62
12.63.94
13.31
14.01
13.94
13.87
8.02
13.94
13.12
13.25
13.45
13.45
12.99
13.12
13.12
13.05
13.18
13.12
12.62
12.63
12.68
12.86
12.92
12.50
7.54
8.14
12.80
13.12
13.18
12.44
13.12
13.12
13.45
13.45
13.18
13.31
13.31
13.38
13.25
13.25
13.45
13.18
12.80
13.65
13.65
13.65
13.65
14.24
14.31
14.47
8.53
7.90
13.58
14.31
14.16
13.38
14.24
14.24
14.24
14.24
14.16
14.01
13.05
14.55
14.55
8.02
14.55
14.63
14.16
14.16
14.16
14.09
14.16
14.24
13.94
13.18
14.31
7.88
13.45
13.65
13.72
13.72
13.45
13.58
13.51
13.51
13.58
13.58
13.58
13.94
13.79
7.78
13.31
13.87
13.72
13.65
13.94
13.94
13.58
13.87
13.87
13.72
13.94
13.87
7.81
13.12
13.94
13.94
13.45
13.87
13.87
13.31
13.87
14.01
14.01
13.87
13.94
13.94
7.69
14.01
13.87
13.94
13.87
14.09
13.05
13.87
13.87
13.94
13.87
13.94
14.47
13.18
13.94
13.94
13.25
13.58
13.87
13.25
13.94
13.94
13.87
13.94
13.94
13.94
8.37
7.81
13.65
13.94
14.16
13.87
14.01
13.94
14.09
13.87
13.72
13.94
13.94
13.12
13.94
13.87
13.87
13.51
13.94
13.87
13.79
13.94
13.87
13.79
13.79
13.94
13.72
7.83
7.78
13.45
13.65
13.65
13.65
13.18
13.87
13.87
13.25
14.01
13.94
13.45
13.94
13.94
13.51
12.86
14.01
13.94
13.25
13.87
13.87
13.18
13.87
13.87
13.94
14.31
7.81
13.94
13.05
13.87
13.72
13.45
13.87
13.72
13.45
13.94
13.94
13.79
13.94
13.94
7.76
13.79
13.94
13.87
13.45
13.87
14.01
13.12
14.16
14.24
14.24
14.47
7.90
14.16
13.45
14.16
14.31
14.24
14.16
13.87
13.94
13.79
13.94
13.87
13.51
13.65
7.72
7.67
13.65
13.05
12.99
13.05
13.05
13.12
12.68
12.80
12.86
12.86
12.80
12.80
12.56
12.56
12.62
12.74
12.56
12.27
12.38
12.38
12.44
12.56
11.63
12.38
12.74
7.22
12.21
12.33
12.10
12.16
12.16
12.10
11.53
12.10
12.10
11.53
12.16
12.33
12.10
12.10
12.10
12.16
11.89
12.05
12.10
11.68
11.99
12.16
11.78
12.16
12.05
7.31
7.25
12.16
12.44
12.27
12.38
12.21
12.50
12.33
12.38
12.10
12.38
12.33
12.62
12.56
10.82
12.62
12.21
13.12
13.05
12.92
13.05
13.05
13.12
12.74
13.25
13.31
7.59
7.59
13.31
13.31
13.45
13.25
13.38
13.38
13.38
13.18
12.44
13.31
13.31
12.99
13.51
13.18
13.38
13.58
13.51
13.65
13.58
13.58
13.51
13.65
13.94
13.87
13.58
7.85
13.87
13.31
14.01
13.72
14.01
13.87
13.87
13.87
13.87
13.94
13.79
13.38
13.65
7.72
13.65
13.58
13.65
13.58
13.25
13.51
13.65
12.86
13.58
13.58
13.58
13.87
13.65
13.58
13.45
13.65
13.51
13.05
13.87
13.87
13.18
13.94
13.87
13.65
13.87
7.83
7.78
13.94
13.87
13.94
13.12
13.87
13.87
13.51
14.01
13.94
14.01
13.51
13.87
13.87
13.65
14.16
13.51
13.38
13.87
13.87
13.94
13.94
13.87
13.87
13.31
14.31
7.81
7.63
13.87
13.87
13.38
13.94
13.87
13.87
13.87
13.87
13.87
13.25
13.94
13.87
13.25
13.87
13.87
12.86
13.94
14.01
13.94
13.94
13.94
13.87
13.12
13.87
14.47
7.81
13.94
13.65
13.65
12.86
13.65
13.58
13.65
13.58
13.58
13.25
13.58
13.58
13.58
7.69
13.45
13.65
13.45
13.65
13.58
13.45
13.65
13.58
13.38
13.58
13.72
7.88
13.65
13.58
13.51
13.25
13.65
13.58
13.05
13.94
13.87
13.45
13.94
13.87
13.87
7.85
7.81
13.94
13.18
14.16
13.87
13.05
13.94
14.01
14.24
14.24
14.16
14.47
7.72
14.16
14.01
13.51
14.16
14.16
13.79
14.16
14.24
14.24
14.24
14.24
14.24
13.51
7.85
13.38
13.79
14.55
14.55
13.58
14.55
14.55
14.16
14.16
14.24
14.16
14.47
13.87
13.94
13.51
13.94
14.01
14.01
12.74
13.38
13.25
13.18
13.31
12.80
12.74
7.92
7.44
12.33
12.86
12.92
12.92
12.62
12.80
12.50
12.56
12.62
12.56
12.56
12.56
12.33
12.16
12.33
12.10
12.33
11.58
12.16
12.16
12.10
12.05
11.83
11.83
12.33
7.20
7.18
12.10
12.16
12.16
11.63
11.94
12.16
12.27
12.38
12.33
12.27
12.38
12.33
12.44
8.99
12.38
12.33
12.16
12.62
12.62
12.50
12.56
12.80
12.86
12.74
13.18
7.46
12.38
13.31
13.31
12.86
13.31
13.31
13.25
13.31
13.31
13.38
13.18
13.58
13.65
7.59
13.45
13.58
13.51
13.65
13.65
13.87
13.38
13.58
13.58
13.05
13.65
13.87
12.92
13.58
13.58
13.72
13.45
13.51
13.51
13.18
13.65
13.58
12.80
13.58
13.65
7.54
7.67
13.51
13.87
13.94
13.94
14.01
13.05
13.87
13.87
13.12
13.94
13.87
13.58
13.87
13.94
13.94
13.51
13.79
11.78
13.38
13.94
13.94
13.94
13.87
14.16
13.87
7.83
7.78
13.72
13.72
13.94
13.79
13.31
13.94
13.87
13.72
13.94
13.94
13.87
13.87
13.87
13.51
13.31
13.72
13.87
13.38
13.94
13.58
13.87
13.87
13.94
13.94
13.72
7.85
13.94
13.25
13.58
13.45
13.58
13.65
13.58
13.58
13.65
13.65
13.58
13.25
13.79
13.87
12.86
13.38
13.87
13.65
13.87
13.65
13.94
13.25
13.87
13.87
13.25
14.47
7.85
12.92
13.94
13.94
13.94
13.79
14.16
14.16
13.72
14.16
14.16
14.16
14.24
14.24
7.85
14.31
14.24
14.24
14.16
14.24
14.24
14.09
13.94
14.01
13.87
14.01
14.71
13.87
13.94
14.24
14.01
14.16
14.24
14.16
13.12
14.16
14.31
14.24
14.24
14.16
7.95
8.35
14.24
14.24
13.51
14.31
14.24
13.87
13.94
13.94
13.87
13.94
14.47
13.87
13.12
13.65
13.79
13.45
13.58
13.38
12.56
13.38
13.31
13.38
13.12
13.12
7.56
7.33
10.61
13.12
12.44
12.62
12.56
12.68
12.56
12.62
12.44
12.33
12.62
12.50
11.94
12.62
12.38
12.44
12.68
12.33
12.33
12.27
12.33
12.38
12.05
12.33
12.33
7.29
7.29
12.33
12.27
12.38
12.38
12.38
12.38
12.33
12.21
11.73
12.38
12.38
12.33
12.33
11.53
12.27
11.99
12.62
12.74
12.05
12.62
12.62
11.89
12.86
12.92
13.18
7.48
12.86
13.18
12.86
13.18
13.05
12.62
13.31
13.25
12.74
13.38
13.31
13.25
13.31
7.59
13.12
12.44
13.58
13.58
13.18
13.58
13.65
12.92
13.65
13.65
13.58
14.09
13.58
13.79
13.31
13.94
14.09
13.94
13.94
13.94
13.87
13.94
14.01
13.94
13.79
13.94
7.76
13.25
13.94
13.65
13.51
13.65
13.58
13.58
13.51
13.65
13.65
13.45
14.09
13.51
12.92
13.72
13.65
13.65
13.58
13.38
13.58
13.18
13.65
13.45
13.25
13.94
7.85
7.78
13.94
13.94
14.01
14.16
14.01
13.94
13.05
13.94
13.94
13.79
14.01
13.94
13.94
13.87
13.72
13.58
13.79
13.94
13.94
13.87
13.72
13.94
13.87
13.94
14.16
7.83
7.81
13.87
14.24
13.65
14.09
13.94
13.58
13.94
14.01
13.72
13.94
13.87
13.94
13.87
13.87
13.94
13.51
13.94
13.87
13.51
13.94
13.94
13.94
13.18
13.94
14.47
7.81
13.72
13.94
13.65
13.94
14.16
13.87
13.94
14.01
14.09
13.58
14.01
13.94
12.99
7.83
13.94
13.12
13.87
13.79
13.79
14.01
13.94
13.87
13.51
13.94
13.87
7.74
13.94
13.87
13.25
14.01
13.79
13.87
13.94
13.94
14.01
13.87
13.94
14.01
13.58
7.83
7.83
13.94
14.16
14.24
14.24
13.38
14.24
14.24
13.38
14.24
14.24
14.47
14.24
14.16
14.16
14.24
14.31
14.09
13.65
14.24
14.16
13.25
14.24
14.16
14.01
8.12
7.88
14.09
13.87
14.16
14.24
14.24
14.24
14.16
14.09
14.16
14.16
14.24
13.87
13.94
13.94
13.38
14.01
13.72
13.18
13.65
13.58
13.58
13.65
13.58
13.05
12.33
7.59
7.52
12.38
12.86
12.86
12.80
12.86
12.80
12.56
12.62
12.50
12.56
11.99
12.10
12.27
7.83
12.44
12.05
11.53
12.16
12.21
12.33
12.16
12.16
12.16
11.78
12.44
7.20
7.16
12.10
12.10
12.16
12.05
12.16
12.05
11.73
12.16
12.10
11.53
12.10
12.16
12.10
11.05
12.16
11.94
11.83
11.89
11.83
11.28
11.94
11.89
11.89
11.89
12.21
7.14
12.10
12.16
12.21
11.89
12.21
12.33
12.10
12.27
12.38
11.78
12.33
12.62
12.50
7.38
12.21
12.50
12.10
12.80
12.80
11.94
12.92
12.99
13.05
13.12
13.05
13.45
12.56
13.38
13.38
12.86
13.31
13.38
13.31
13.58
13.72
13.72
13.58
13.58
13.65
7.56
7.65
13.51
13.58
13.94
13.65
13.94
13.87
13.87
14.01
13.94
13.94
13.87
13.05
13.94
13.87
12.86
14.09
13.87
13.79
13.45
13.94
13.94
13.51
13.94
13.94
13.72
7.85
7.85
14.01
13.94
13.87
14.01
13.58
13.87
13.58
13.45
13.58
13.87
12.80
13.58
13.65
13.72
13.65
13.51
13.87
13.79
13.79
13.94
13.12
14.01
13.79
13.45
14.47
7.76
13.87
13.94
13.94
13.94
13.58
13.87
13.87
13.72
13.94
13.94
13.87
13.79
13.87
7.78
13.31
13.94
13.79
13.45
13.94
13.94
13.72
13.87
13.94
13.94
13.65
14.47
13.94
13.18
14.01
13.72
13.25
13.87
13.87
13.72
13.94
13.94
13.87
13.65
13.94
7.7