7.50
0
7.69
8.02
7.44
7.50
8.02
8.73
8.51
8.96
7.40
7.65
7.29
8.64
8.37
8.02
8.17
6.79
8.07
8.37
8.23
8.17
7.88
7.50
7.69
8.02
7.44
7.50
8.02
8.73
8.51
8.96
7.40
7.65
7.29
8.64
8.37
8.02
8.17
6.79
8.07
8.37
8.33
8.17
7.88
7.50
7.69
8.02
7.44
7.50
8.02
8.73
8.51
8.96
7.40
7.65
7.29
8.64
8.37
8.02
8.17
6.79
8.07
8.37
7.67
6.32
8.56
8.76
9.12
7.97
7.50
7.69
8.43
8.73
8.04
7.16
8.32
7.38
6.46
8.48
8.76
8.48
8.45
7.74
7.20
8.00
8.85
9.06
5.06
4.46
4.34
4.65
4.70
4.21
4.18
4.36
4.15
3.93
4.45
4.51
4.35
4.27
4.29
6.02
6.16
6.28
6.32
6.22
7.14
8.43
7.01
8.24
7.88
8.09
8.96
8.19
7.72
7.61
8.14
8.62
8.90
7.78
8.00
7.02
7.01
8.22
7.63
8.35
7.85
7.01
7.85
7.44
8.51
8.07
7.85
8.19
7.42
7.95
7.81
8.22
7.74
8.07
7.50
7.44
8.24
8.59
8.29
8.53
8.00
7.33
8.00
7.56
8.43
8.24
8.82
7.54
7.12
8.04
8.56
8.22
8.56
8.02
7.52
6.38
7.85
8.40
8.37
8.53
7.72
7.42
6.46
8.64
8.85
8.79
7.74
7.35
7.22
8.40
8.43
8.76
7.27
8.19
7.16
6.56
8.27
8.14
7.63
7.72
7.52
7.35
8.12
8.85
8.93
7.69
8.14
7.38
8.45
8.07
8.56
7.69
7.81
7.97
6.92
8.67
8.59
8.00
7.83
7.85
7.35
6.76
8.62
8.19
8.12
8.62
8.04
7.81
7.90
9.03
4.65
4.71
4.54
4.37
4.41
4.46
4.36
4.36
4.22
4.24
3.96
4.25
4.26
4.24
4.42
4.37
5.13
5.22
5.76
6.06
5.69
8.96
8.00
7.97
8.00
8.29
8.64
8.35
8.85
7.40
7.01
7.97
8.59
8.76
9.44
7.31
7.46
7.67
8.59
8.04
8.51
7.72
7.38
7.01
8.04
8.76
8.90
6.48
8.37
7.10
8.35
8.67
7.76
6.88
8.45
8.32
7.04
7.46
8.93
8.70
8.14
7.69
7.31
7.95
7.85
8.24
9.09
8.70
7.52
6.86
8.85
8.51
8.82
7.16
7.33
7.27
7.46
7.92
8.82
8.64
7.92
7.72
7.52
7.95
8.43
8.27
6.13
7.83
6.81
7.50
7.83
8.40
7.74
7.61
8.00
7.04
8.76
7.88
8.00
8.51
7.67
8.00
7.33
8.35
8.29
8.85
8.32
8.12
7.50
7.56
8.40
8.76
8.64
8.32
8.09
7.65
7.16
8.76
8.02
7.52
7.88
7.04
7.04
7.92
8.19
8.59
8.40
8.24
7.29
8.22
8.45
7.83
6.13
7.08
6.61
7.35
4.38
4.49
4.23
4.58
4.55
4.21
3.99
4.26
4.27
4.25
4.26
4.44
4.29
4.50
4.63
4.32
8.09
7.61
6.86
7.63
7.95
8.02
8.09
8.12
7.52
6.88
7.88
8.87
8.73
8.19
8.35
6.64
8.59
8.12
8.32
8.43
8.02
7.78
6.79
8.35
8.51
8.96
8.67
8.67
7.29
7.69
8.04
8.64
8.90
8.35
8.09
7.54
8.14
8.53
8.22
8.64
8.48
7.38
7.90
7.92
8.32
8.00
7.52
8.19
6.90
8.22
8.43
7.67
8.07
8.17
7.61
7.83
8.90
8.73
8.22
7.69
7.59
7.16
7.42
8.17
7.95
8.45
7.67
7.23
8.14
8.12
7.97
8.62
8.73
7.31
7.88
7.12
8.22
8.14
8.27
8.04
7.83
6.86
7.33
8.35
7.92
8.40
7.63
7.22
7.31
8.24
8.67
8.35
8.00
8.40
8.00
7.69
8.90
8.70
6.56
9.06
6.40
6.69
8.09
8.37
7.90
8.40
7.59
7.18
7.31
8.90
8.17
7.42
8.87
7.88
7.83
6.40
6.56
6.11
6.15
5.76
6.06
4.21
4.42
4.36
4.51
4.33
4.19
4.09
4.50
4.42
4.35
4.96
5.02
4.69
4.93
4.93
8.02
8.00
8.00
8.19
7.69
8.37
9.06
7.76
8.40
7.31
8.09
7.33
8.02
8.14
8.29
7.14
7.90
7.06
7.48
8.93
8.00
8.32
7.76
7.27
7.10
7.83
8.59
8.62
7.78
7.81
7.67
8.27
8.99
8.00
8.79
8.43
7.50
7.38
7.81
8.70
8.79
7.54
8.32
7.40
7.88
8.09
8.00
8.70
8.51
7.14
7.27
8.53
8.79
8.40
7.92
7.56
6.66
7.97
8.35
8.59
7.29
8.00
8.29
7.22
7.76
8.59
8.48
8.48
8.19
7.31
6.90
7.72
8.59
8.02
8.02
7.74
7.16
8.70
8.56
7.92
7.78
7.76
6.97
7.25
8.53
9.09
8.64
7.56
8.73
7.63
6.76
9.24
8.51
7.65
7.67
7.63
7.44
7.63
8.43
7.85
8.09
7.81
7.50
8.37
8.00
8.27
8.99
8.17
7.76
7.74
8.67
9.15
8.40
6.61
8.90
4.71
5.05
5.19
4.97
4.70
4.99
4.33
4.06
4.24
4.57
4.51
3.72
4.05
3.83
4.31
4.36
5.78
5.40
5.43
5.79
5.04
8.02
8.76
8.00
8.07
8.56
7.74
6.84
8.09
8.32
8.12
7.38
8.32
7.46
8.22
8.04
8.29
7.92
8.17
7.92
6.90
8.59
8.29
8.37
8.48
7.22
7.18
7.20
8.12
7.78
8.19
7.74
8.00
7.44
7.76
8.76
9.51
7.95
7.90
6.93
7.40
8.22
8.32
7.59
8.14
7.29
7.40
7.56
8.09
8.51
8.40
7.95
6.92
8.09
8.51
8.48
8.48
8.37
8.45
6.99
8.29
8.12
7.92
6.76
7.59
6.97
7.33
8.40
8.73
8.82
6.97
7.54
7.40
7.69
8.27
8.35
8.99
8.43
7.69
7.40
8.90
8.85
7.63
6.66
8.51
7.54
8.76
9.61
7.90
7.97
8.09
6.88
7.95
8.32
8.29
8.37
7.08
6.95
7.23
6.51
8.45
8.29
8.53
7.44
8.40
7.18
8.04
8.45
8.76
7.78
7.95
5.23
5.84
5.89
6.09
5.70
5.81
4.19
4.23
3.47
4.21
4.38
4.13
4.17
3.85
4.25
4.27
5.14
5.09
5.15
4.81
4.58
7.54
8.51
8.22
8.73
7.22
7.88
7.10
7.81
8.67
7.85
8.73
8.24
7.04
7.33
7.29
8.53
8.07
8.67
7.52
7.90
8.09
8.37
8.85
8.53
7.85
7.25
7.52
7.97
8.04
7.50
8.37
8.32
7.18
7.44
8.76
8.32
8.76
8.14
6.95
7.22
7.95
8.73
8.70
8.19
8.00
6.84
7.67
9.41
8.19
8.14
7.67
7.14
7.63
8.32
8.70
8.19
6.48
7.35
7.54
6.99
9.24
7.95
8.59
8.19
7.08
7.83
7.97
8.51
8.87
7.14
8.29
7.14
7.42
8.73
8.56
8.17
7.97
7.50
7.50
8.14
8.73
7.95
8.64
8.40
6.72
8.22
7.27
8.24
8.19
7.54
8.32
7.27
8.48
8.12
8.87
7.81
8.14
6.93
7.18
8.51
8.70
8.82
7.72
8.35
7.44
8.14
8.09
7.76
8.64
8.04
7.50
7.97
7.59
8.62
8.59
4.61
4.55
4.02
4.42
4.64
4.61
4.15
3.97
3.78
3.93
3.99
4.45
4.40
4.29
4.18
4.07
5.61
7.50
7.40
6.93
7.18
8.07
7.74
8.12
8.53
7.88
8.87
7.63
7.44
8.00
8.19
8.56
8.43
7.76
7.63
7.20
8.24
8.19
8.73
8.48
8.09
6.99
7.67
8.00
8.43
8.09
7.88
8.07
6.88
8.32
8.53
8.76
6.66
8.12
7.59
7.38
8.00
8.79
8.22
8.43
8.19
7.69
7.74
7.85
8.51
8.51
7.59
7.83
7.16
7.52
8.19
7.81
7.59
7.92
7.40
7.95
8.12
8.40
8.07
7.92
8.17
6.90
7.95
8.96
8.67
8.62
8.43
7.10
8.40
7.90
8.24
8.22
8.62
7.69
7.27
7.92
8.37
7.59
8.40
7.63
6.69
7.06
7.83
8.53
8.24
8.70
8.40
6.81
7.29
8.14
8.45
8.96
7.97
7.65
6.97
7.67
8.67
8.07
8.87
7.90
7.52
7.88
8.37
8.19
8.62
7.69
7.59
7.85
8.14
8.64
8.32
4.84
4.87
4.70
5.24
5.11
4.23
4.10
4.33
3.84
3.97
4.18
4.39
4.54
4.05
4.27
3.83
4.54
5.13
5.02
4.92
4.89
7.85
7.48
7.16
8.53
8.29
7.29
7.33
6.99
7.23
8.22
8.59
7.76
8.76
8.48
7.29
6.18
9.28
8.19
8.67
7.59
7.08
8.24
8.59
8.35
8.51
8.35
8.12
7.56
8.40
8.27
8.76
8.14
7.38
7.95
6.86
8.40
8.59
8.24
8.67
8.02
7.44
8.22
8.04
8.45
8.09
8.00
8.14
7.83
7.59
8.85
8.51
8.67
8.27
7.56
6.86
8.59
8.19
8.12
8.17
7.67
7.48
7.97
8.43
8.70
6.76
7.74
6.57
8.37
8.64
8.37
7.95
8.14
8.04
7.95
7.63
8.87
8.19
6.77
8.22
7.46
7.38
7.29
8.48
8.24
8.99
7.76
7.23
7.81
9.79
8.22
6.57
6.84
7.61
8.14
7.97
8.79
7.92
8.24
7.88
7.67
7.85
9.51
8.32
8.02
7.22
7.59
7.06
8.02
8.73
8.79
8.29
7.46
7.20
8.14
8.02
4.50
4.47
4.19
4.21
4.00
4.44
4.19
4.30
4.21
4.15
3.94
4.23
4.25
4.23
4.19
4.32
7.06
6.43
7.31
6.88
6.90
8.22
8.40
6.79
7.29
8.51
8.73
8.19
7.72
8.37
6.59
7.83
9.03
8.48
7.78
8.22
7.50
7.52
7.29
8.35
7.83
7.97
7.83
7.20
7.25
7.67
8.53
9.18
7.72
7.74
6.67
8.02
8.07
7.38
8.29
7.90
7.56
7.31
8.48
8.82
8.87
7.69
8.17
7.20
8.17
8.70
8.64
8.73
8.00
7.12
7.04
7.76
8.32
8.79
8.59
7.25
7.18
7.27
9.15
8.12
8.37
7.97
7.48
7.50
7.92
8.87
7.35
8.70
8.22
7.08
7.69
8.56
7.88
6.86
7.04
7.74
7.69
8.02
8.22
7.90
7.56
7.31
6.86
8.62
7.74
7.90
7.92
7.42
7.90
7.52
8.87
8.87
8.12
7.72
8.40
7.20
8.40
8.09
8.67
9.75
8.12
7.63
7.52
7.72
8.04
8.22
8.56
7.97
7.16
7.33
8.27
5.57
5.47
5.62
5.42
4.90
4.29
4.53
4.19
4.29
4.36
3.93
4.02
4.21
4.36
4.15
4.27
5.18
4.52
4.97
5.14
5.23
8.12
7.92
7.02
6.86
7.95
8.67
8.14
8.32
8.12
7.22
8.35
8.29
7.74
7.27
7.92
7.50
7.40
8.96
8.43
8.29
8.43
8.07
6.97
6.04
7.67
8.56
8.67
8.04
7.83
6.79
6.24
8.73
8.73
7.59
7.31
6.86
8.48
8.14
8.56
8.70
7.63
8.32
7.23
7.40
8.93
8.43
6.38
7.90
7.44
7.78
8.19
8.14
8.29
7.81
7.50
6.99
7.29
9.09
7.76
8.14
7.50
7.78
7.22
7.92
8.64
7.72
7.78
8.07
7.31
8.12
7.85
7.97
8.62
8.12
8.07
7.35
7.95
8.27
8.51
6.90
7.56
7.22
8.17
8.29
8.00
8.40
8.19
8.07
6.84
8.22
